code,date,time,pre_close,open,high,low,close,volume,turover,dif_mi,accvolume,accturover,match_items
300365,20180105,930,308000,309600,309600,308600,308800,4200,129748,20,4200,129748,20
300365,20180105,931,308000,308800,308800,307500,307500,14400,443214,9,18600,572962,29
300365,20180105,932,308000,307500,308200,307500,308200,1000,30820,1,19600,603782,30
300365,20180105,933,308000,308200,308200,308200,308200,0,0,0,19600,603782,30
300365,20180105,934,308000,308200,308200,306600,306600,6800,209248,35,26400,813030,65
300365,20180105,935,308000,306600,306600,304200,304200,11800,360497,27,38200,1173527,92
300365,20180105,936,308000,304200,307600,304200,304200,6300,191773,3,44500,1365300,95
300365,20180105,937,308000,304200,307200,304200,307000,20100,617058,22,64600,1982358,117
300365,20180105,938,308000,307000,307000,305300,305800,2800,85562,12,67400,2067920,129
300365,20180105,939,308000,305800,306800,305800,306800,4100,125684,15,71500,2193604,144
300365,20180105,940,308000,306800,306800,306100,306400,1300,39844,7,72800,2233448,151
300365,20180105,941,308000,306400,307000,306400,307000,1500,45966,14,74300,2279414,165
300365,20180105,942,308000,307000,307000,307000,307000,4700,144270,4,79000,2423684,169
300365,20180105,943,308000,307000,307000,306300,306300,16000,490598,25,95000,2914282,194
300365,20180105,944,308000,306300,306600,306300,306600,400,12264,4,95400,2926546,198
300365,20180105,945,308000,306600,306600,306500,306500,2200,67441,13,97600,2993987,211
300365,20180105,946,308000,306500,306500,306500,306500,3900,119536,17,101500,3113523,228
300365,20180105,947,308000,306500,307000,306500,306900,4000,122780,3,105500,3236303,231
300365,20180105,948,308000,306500,307000,306500,306800,10300,316033,20,115800,3552336,251
300365,20180105,949,308000,306800,307200,306300,307200,13916,426666,19,129716,3979002,270
300365,20180105,950,308000,307000,307200,307000,307000,3200,98242,5,132916,4077244,275
300365,20180105,951,308000,307000,307100,307000,307100,5500,168905,14,138416,4246149,289
300365,20180105,952,308000,307200,307500,307200,307200,3700,113748,7,142116,4359897,296
300365,20180105,953,308000,307200,307200,307000,307000,6484,199130,24,148600,4559027,320
300365,20180105,954,308000,307000,307000,306300,306300,5000,153390,17,153600,4712417,337
300365,20180105,955,308000,306300,306300,305500,305600,9700,296868,16,163300,5009285,353
300365,20180105,956,308000,305600,305700,305600,305700,3300,100882,14,166600,5110167,367
300365,20180105,957,308000,305700,305700,305500,305500,9900,302527,5,176500,5412694,372
300365,20180105,958,308000,305500,305700,305500,305700,3200,97818,12,179700,5510512,384
300365,20180105,959,308000,305700,305700,305700,305700,4100,125337,15,183800,5635849,399
300365,20180105,1000,308000,305700,305700,305600,305600,8200,250663,5,192000,5886512,404
300365,20180105,1001,308000,305600,305700,305600,305700,7200,220084,19,199200,6106596,423
300365,20180105,1002,308000,305700,305800,305700,305800,2200,67276,4,201400,6173872,427
300365,20180105,1003,308000,305800,306500,305600,305600,30700,940477,23,232100,7114349,450
300365,20180105,1004,308000,305600,305700,305600,305600,2500,76420,16,234600,7190769,466
300365,20180105,1005,308000,305600,305600,305500,305500,13600,415610,7,248200,7606379,473
300365,20180105,1006,308000,305500,305600,305500,305600,3300,100824,17,251500,7707203,490
300365,20180105,1007,308000,305600,305600,305600,305600,13600,415610,6,265100,8122813,496
300365,20180105,1008,308000,305600,305600,305500,305500,15700,479680,15,280800,8602493,511
300365,20180105,1009,308000,305400,305400,305100,305100,24000,732805,22,304800,9335298,533
300365,20180105,1010,308000,305100,305400,304700,304800,5300,161666,20,310100,9496964,553
300365,20180105,1011,308000,304800,304800,304800,304800,3000,91440,12,313100,9588404,565
300365,20180105,1012,308000,304700,304800,304600,304600,16600,505831,13,329700,10094235,578
300365,20180105,1013,308000,304600,304600,304200,304600,18400,559989,31,348100,10654224,609
300365,20180105,1014,308000,304600,304600,304200,304400,5800,176502,17,353900,10830726,626
300365,20180105,1015,308000,304400,304500,304400,304500,2800,85269,3,356700,10915995,629
300365,20180105,1016,308000,304500,304600,304500,304600,1900,57867,12,358600,10973862,641
300365,20180105,1017,308000,304700,304900,304700,304900,400,12190,2,359000,10986052,643
300365,20180105,1018,308000,304900,304900,304800,304800,1500,45744,12,360500,11031796,655
300365,20180105,1019,308000,304900,305600,304900,305600,500,15273,4,361000,11047069,659
300365,20180105,1020,308000,304900,304900,304900,304900,100,3049,1,361100,11050118,660
300365,20180105,1021,308000,305300,305300,305000,305000,800,24412,7,361900,11074530,667
300365,20180105,1022,308000,304900,305700,304900,305700,5600,170804,12,367500,11245334,679
300365,20180105,1023,308000,305100,305100,305100,305100,2600,79326,12,370100,11324660,691
300365,20180105,1024,308000,305000,305100,305000,305100,2500,76274,16,372600,11400934,707
300365,20180105,1025,308000,305100,305200,305100,305200,100,3052,1,372700,11403986,708
300365,20180105,1026,308000,305200,305200,305200,305200,1300,39676,13,374000,11443662,721
300365,20180105,1027,308000,305200,305200,305200,305200,0,0,0,374000,11443662,721
300365,20180105,1028,308000,305200,305200,305200,305200,800,24416,7,374800,11468078,728
300365,20180105,1029,308000,305200,305200,305100,305100,4100,125120,7,378900,11593198,735
300365,20180105,1030,308000,305000,305100,305000,305000,7400,225747,8,386300,11818945,743
300365,20180105,1031,308000,305000,305200,305000,305200,1300,39676,11,387600,11858621,754
300365,20180105,1032,308000,305300,305300,305200,305200,300,9158,2,387900,11867779,756
300365,20180105,1033,308000,305200,305200,305200,305200,1500,45780,14,389400,11913559,770
300365,20180105,1034,308000,305700,305800,305700,305800,2500,76434,13,391900,11989993,783
300365,20180105,1035,308000,305200,305800,305200,305800,1100,33632,2,393000,12023625,785
300365,20180105,1036,308000,305800,305800,305300,305300,3800,115991,17,396800,12139616,802
300365,20180105,1037,308000,305300,305800,305300,305800,1300,39754,5,398100,12179370,807
300365,20180105,1038,308000,305800,305800,305800,305800,400,12232,4,398500,12191602,811
300365,20180105,1039,308000,305800,305900,305800,305900,1000,30590,10,399500,12222192,821
300365,20180105,1040,308000,305900,306500,305900,306500,600,18384,2,400100,12240576,823
300365,20180105,1041,308000,306500,306500,306500,306500,1100,33715,10,401200,12274291,833
300365,20180105,1042,308000,306500,306500,306500,306500,3000,91948,8,404200,12366239,841
300365,20180105,1043,308000,306100,306100,306100,306100,1200,36732,9,405400,12402971,850
300365,20180105,1044,308000,306100,306500,306100,306100,2800,85800,6,408200,12488771,856
300365,20180105,1045,308000,306000,306000,306000,306000,100,3060,1,408300,12491831,857
300365,20180105,1046,308000,306000,306000,306000,306000,1400,42840,13,409700,12534671,870
300365,20180105,1047,308000,306000,306000,306000,306000,100,3060,1,409800,12537731,871
300365,20180105,1048,308000,306000,306000,306000,306000,1700,52020,13,411500,12589751,884
300365,20180105,1049,308000,306000,306000,306000,306000,1000,30600,9,412500,12620351,893
300365,20180105,1050,308000,305900,305900,305300,305300,5400,165124,7,417900,12785475,900
300365,20180105,1051,308000,305300,305700,305300,305300,11000,336230,9,428900,13121705,909
300365,20180105,1052,308000,305600,305800,305600,305800,9703,296539,8,438603,13418244,917
300365,20180105,1053,308000,305800,306500,305800,306500,2200,67346,13,440803,13485590,930
300365,20180105,1054,308000,306500,306500,305900,305900,1100,33649,10,441903,13519239,940
300365,20180105,1055,308000,305900,306800,305800,305800,2800,85695,6,444703,13604934,946
300365,20180105,1056,308000,305800,306800,305800,306800,1600,48938,15,446303,13653872,961
300365,20180105,1057,308000,306800,306800,306800,306800,600,18408,2,446903,13672280,963
300365,20180105,1058,308000,306000,306000,306000,306000,1200,36720,11,448103,13709000,974
300365,20180105,1059,308000,306000,306800,306000,306800,2000,61360,6,450103,13770360,980
300365,20180105,1100,308000,306800,306800,306800,306800,5700,174772,16,455803,13945132,996
300365,20180105,1101,308000,306800,306800,306200,306200,5800,177791,7,461603,14122923,1003
300365,20180105,1102,308000,306200,306200,306200,306200,700,21434,7,462303,14144357,1010
300365,20180105,1103,308000,306200,306200,306200,306200,1500,45930,15,463803,14190287,1025
300365,20180105,1104,308000,306200,306600,306200,306200,1300,39810,11,465103,14230097,1036
300365,20180105,1105,308000,306200,306600,306200,306600,100,3066,1,465203,14233163,1037
300365,20180105,1106,308000,306600,306600,306000,306000,7000,214341,8,472203,14447504,1045
300365,20180105,1107,308000,306000,306000,306000,306000,100,3060,1,472303,14450564,1046
300365,20180105,1108,308000,306000,306000,306000,306000,500,15300,5,472803,14465864,1051
300365,20180105,1109,308000,306000,306000,305900,305900,2300,70357,4,475103,14536221,1055
300365,20180105,1110,308000,305600,305600,305600,305600,14097,430858,6,489200,14967079,1061
300365,20180105,1111,308000,305600,305600,305500,305500,1100,33605,10,490300,15000684,1071
300365,20180105,1112,308000,305600,305600,305600,305600,103,3147,1,490403,15003831,1072
300365,20180105,1113,308000,305600,305700,305600,305700,2500,76410,16,492903,15080241,1088
300365,20180105,1114,308000,305700,305700,305400,305400,22897,699593,19,515800,15779834,1107
300365,20180105,1115,308000,305400,305500,305400,305500,1103,33696,3,516903,15813530,1110
300365,20180105,1116,308000,305500,305500,305500,305500,1200,36660,10,518103,15850190,1120
300365,20180105,1117,308000,305800,305800,305800,305800,2200,67276,2,520303,15917466,1122
300365,20180105,1118,308000,305800,305800,305500,305500,1900,58044,19,522203,15975510,1141
300365,20180105,1119,308000,305500,305500,305500,305500,1000,30550,11,523203,16006060,1152
300365,20180105,1120,308000,305500,306500,305500,306500,2800,85740,2,526003,16091800,1154
300365,20180105,1121,308000,306500,306500,305700,305700,8700,266221,16,534703,16358021,1170
300365,20180105,1122,308000,305700,305700,305700,305700,300,9171,1,535003,16367192,1171
300365,20180105,1123,308000,305600,306000,305600,306000,2300,70336,11,537303,16437528,1182
300365,20180105,1124,308000,306000,306100,306000,306000,3200,97945,13,540503,16535473,1195
300365,20180105,1125,308000,306000,306000,306000,306000,1500,45900,1,542003,16581373,1196
300365,20180105,1126,308000,306000,306000,305800,306000,12300,376295,18,554303,16957668,1214
300365,20180105,1127,308000,306000,306000,306000,306000,600,18360,3,554903,16976028,1217
300365,20180105,1128,308000,306000,306000,306000,306000,1700,52020,14,556603,17028048,1231
300365,20180105,1129,308000,306000,306000,305800,305800,1000,30580,10,557603,17058628,1241
300365,20180105,1300,308000,306400,307600,306400,307600,3100,95120,8,560703,17153748,1249
300365,20180105,1301,308000,307600,307600,306000,307100,3900,119676,10,564603,17273424,1259
300365,20180105,1302,308000,307100,307100,307100,307100,0,0,0,564603,17273424,1259
300365,20180105,1303,308000,307100,307100,306200,307000,1300,39830,10,565903,17313254,1269
300365,20180105,1304,308000,306200,306200,305900,305900,9500,290761,19,575403,17604015,1288
300365,20180105,1305,308000,305900,307000,305900,307000,2000,61400,3,577403,17665415,1291
300365,20180105,1306,308000,306000,306000,306000,306000,1500,45900,14,578903,17711315,1305
300365,20180105,1307,308000,306000,306000,306000,306000,14300,437615,7,593203,18148930,1312
300365,20180105,1308,308000,306000,306000,306000,306000,1688,51652,15,594891,18200582,1327
300365,20180105,1309,308000,306000,306200,306000,306200,900,27558,8,595791,18228140,1335
300365,20180105,1310,308000,306200,306200,306200,306200,100,3062,1,595891,18231202,1336
300365,20180105,1311,308000,306200,306200,306200,306200,1100,33682,11,596991,18264884,1347
300365,20180105,1312,308000,306200,306300,306200,306300,100,3063,1,597091,18267947,1348
300365,20180105,1313,308000,306300,306300,306300,306300,1700,52071,15,598791,18320018,1363
300365,20180105,1314,308000,306300,306300,306200,306200,2600,79612,12,601391,18399630,1375
300365,20180105,1315,308000,306200,306200,306200,306200,1800,55116,2,603191,18454746,1377
300365,20180105,1316,308000,306200,306200,306200,306200,1200,36744,11,604391,18491490,1388
300365,20180105,1317,308000,306200,306200,306200,306200,0,0,0,604391,18491490,1388
300365,20180105,1318,308000,306300,306300,306300,306300,1100,33693,9,605491,18525183,1397
300365,20180105,1319,308000,306300,306300,306300,306300,1400,42882,13,606891,18568065,1410
300365,20180105,1320,308000,306300,306300,306300,306300,0,0,0,606891,18568065,1410
300365,20180105,1321,308000,306300,306400,306300,306400,1300,39832,12,608191,18607897,1422
300365,20180105,1322,308000,306400,306400,306400,306400,100,3064,1,608291,18610961,1423
300365,20180105,1323,308000,306400,307100,306400,307100,3500,107366,23,611791,18718327,1446
300365,20180105,1324,308000,307100,307100,307100,307100,1600,49136,12,613391,18767463,1458
300365,20180105,1325,308000,307700,307700,307700,307700,3000,92305,13,616391,18859768,1471
300365,20180105,1326,308000,307700,307700,307500,307500,4300,132279,16,620691,18992047,1487
300365,20180105,1327,308000,307500,307900,307500,307900,3700,113907,8,624391,19105954,1495
300365,20180105,1328,308000,307900,308000,307900,308000,4300,132412,19,628691,19238366,1514
300365,20180105,1329,308000,307600,307600,307600,307600,1500,46140,14,630191,19284506,1528
300365,20180105,1330,308000,307600,307700,307600,307600,1900,58447,5,632091,19342953,1533
300365,20180105,1331,308000,307600,307700,307600,307700,1900,58453,9,633991,19401406,1542
300365,20180105,1332,308000,307700,307700,307500,307500,4900,150690,3,638891,19552096,1545
300365,20180105,1333,308000,307500,307500,306700,306700,3400,104371,16,642291,19656467,1561
300365,20180105,1334,308000,306700,307000,306700,307000,1600,49117,6,643891,19705584,1567
300365,20180105,1335,308000,306700,306700,306700,306700,2100,64409,4,645991,19769993,1571
300365,20180105,1336,308000,306700,307200,306700,307200,4200,128962,15,650191,19898955,1586
300365,20180105,1337,308000,307000,307100,307000,307100,600,18425,2,650791,19917380,1588
300365,20180105,1338,308000,307100,307200,307100,307100,4400,135128,13,655191,20052508,1601
300365,20180105,1339,308000,307100,307100,306700,306700,7300,224115,17,662491,20276623,1618
300365,20180105,1340,308000,306700,306800,306700,306800,200,6136,2,662691,20282759,1620
300365,20180105,1341,308000,306800,306800,306800,306800,1000,30680,10,663691,20313439,1630
300365,20180105,1342,308000,306800,306800,306800,306800,400,12272,4,664091,20325711,1634
300365,20180105,1343,308000,306800,306800,306800,306800,1300,39884,8,665391,20365595,1642
300365,20180105,1344,308000,306700,307000,306700,307000,1700,52183,14,667091,20417778,1656
300365,20180105,1345,308000,307000,307200,307000,307200,10100,310272,2,677191,20728050,1658
300365,20180105,1346,308000,307300,307500,307300,307300,5000,153684,15,682191,20881734,1673
300365,20180105,1347,308000,307300,307700,307300,307700,3000,92310,4,685191,20974044,1677
300365,20180105,1348,308000,307700,307700,307300,307700,26700,821502,41,711891,21795546,1718
300365,20180105,1349,308000,307700,307700,307300,307300,5100,156807,15,716991,21952353,1733
300365,20180105,1350,308000,307300,307300,307200,307200,14300,439340,15,731291,22391693,1748
300365,20180105,1351,308000,307200,307200,307000,307000,36727,1127563,36,768018,23519256,1784
300365,20180105,1352,308000,307000,307000,306700,306700,10273,315264,7,778291,23834520,1791
300365,20180105,1353,308000,306600,306600,306500,306500,5400,165530,22,783691,24000050,1813
300365,20180105,1354,308000,306500,306500,306200,306200,3700,113326,6,787391,24113376,1819
300365,20180105,1355,308000,306200,306200,306200,306200,400,12248,1,787791,24125624,1820
300365,20180105,1356,308000,306200,306200,306100,306100,5400,165299,23,793191,24290923,1843
300365,20180105,1357,308000,306100,306100,305900,305900,12900,394653,37,806091,24685576,1880
300365,20180105,1358,308000,305800,305800,305800,305800,8000,244640,20,814091,24930216,1900
300365,20180105,1359,308000,305800,305800,305500,305500,4400,134476,16,818491,25064692,1916
300365,20180105,1400,308000,305600,305600,305500,305500,3800,116102,11,822291,25180794,1927
300365,20180105,1401,308000,305500,305500,305400,305400,10000,305424,32,832291,25486218,1959
300365,20180105,1402,308000,305400,305400,305300,305300,9100,277823,13,841391,25764041,1972
300365,20180105,1403,308000,305300,305400,305300,305400,10200,311533,23,851591,26075574,1995
300365,20180105,1404,308000,305400,305600,305400,305600,10300,314768,21,861891,26390342,2016
300365,20180105,1405,308000,305600,305800,305600,305800,13300,406714,27,875191,26797056,2043
300365,20180105,1406,308000,305800,305800,305600,305800,6900,210980,21,882091,27008036,2064
300365,20180105,1407,308000,305800,305800,305400,305600,9600,293346,16,891691,27301382,2080
300365,20180105,1408,308000,305400,305400,305100,305100,8700,265572,35,900391,27566954,2115
300365,20180105,1409,308000,305100,305100,304900,304900,6100,186032,26,906491,27752986,2141
300365,20180105,1410,308000,304900,305100,304900,305100,10200,311010,15,916691,28063996,2156
300365,20180105,1411,308000,305100,305100,304300,304300,13200,402110,27,929891,28466106,2183
300365,20180105,1412,308000,304300,304300,304000,304100,6200,188540,14,936091,28654646,2197
300365,20180105,1413,308000,304100,304200,303900,304100,30000,912235,60,966091,29566881,2257
300365,20180105,1414,308000,304500,304500,304100,304100,21000,638653,49,987091,30205534,2306
300365,20180105,1415,308000,304100,304100,303600,304100,27500,835875,46,1014591,31041409,2352
300365,20180105,1416,308000,304100,304100,303100,303100,24000,728664,39,1038591,31770073,2391
300365,20180105,1417,308000,303100,303500,303000,303500,26800,812230,43,1065391,32582303,2434
300365,20180105,1418,308000,303100,303100,303000,303000,36600,1109405,53,1101991,33691708,2487
300365,20180105,1419,308000,303300,305300,303000,303000,20300,615449,51,1122291,34307157,2538
300365,20180105,1420,308000,303000,303100,303000,303100,21300,645473,30,1143591,34952630,2568
300365,20180105,1421,308000,303100,304900,303000,303300,13600,412264,32,1157191,35364894,2600
300365,20180105,1422,308000,303200,303300,303200,303200,7200,218369,16,1164391,35583263,2616
300365,20180105,1423,308000,303200,303200,303000,303200,24500,742742,44,1188891,36326005,2660
300365,20180105,1424,308000,303200,303400,303200,303300,49700,1507061,37,1238591,37833066,2697
300365,20180105,1425,308000,303300,303300,303200,303200,8400,254763,24,1246991,38087829,2721
300365,20180105,1426,308000,303200,303200,303000,303000,10200,309129,33,1257191,38396958,2754
300365,20180105,1427,308000,303000,303000,302900,303000,6000,181798,13,1263191,38578756,2767
300365,20180105,1428,308000,303000,303000,302900,303000,12600,381781,18,1275791,38960537,2785
300365,20180105,1429,308000,303000,303000,302900,302900,4000,121198,11,1279791,39081735,2796
300365,20180105,1430,308000,303000,303000,302900,302900,12500,378690,28,1292291,39460425,2824
300365,20180105,1431,308000,302900,302900,302900,302900,13400,405886,16,1305691,39866311,2840
300365,20180105,1432,308000,302900,303100,302900,303100,5800,175770,16,1311491,40042081,2856
300365,20180105,1433,308000,303100,304100,303100,304100,3200,97294,3,1314691,40139375,2859
300365,20180105,1434,308000,304100,304200,304100,304200,2000,60839,6,1316691,40200214,2865
300365,20180105,1435,308000,304200,304200,304200,304200,0,0,0,1316691,40200214,2865
300365,20180105,1436,308000,304200,304200,304100,304100,37900,1152551,6,1354591,41352765,2871
300365,20180105,1437,308000,304100,304100,303200,303500,8600,260818,14,1363191,41613583,2885
300365,20180105,1438,308000,303500,303500,303200,303300,4700,142563,7,1367891,41756146,2892
300365,20180105,1439,308000,303300,303500,303300,303300,6400,194114,10,1374291,41950260,2902
300365,20180105,1440,308000,303300,303300,303200,303200,9400,285100,8,1383691,42235360,2910
300365,20180105,1441,308000,303200,303200,303100,303100,10600,321322,41,1394291,42556682,2951
300365,20180105,1442,308000,303100,303100,303000,303000,21103,639446,19,1415394,43196128,2970
300365,20180105,1443,308000,303200,303200,303100,303100,700,21223,2,1416094,43217351,2972
300365,20180105,1444,308000,303100,303200,303100,303200,1100,33350,4,1417194,43250701,2976
300365,20180105,1445,308000,303200,303200,303100,303100,2500,75775,6,1419694,43326476,2982
300365,20180105,1446,308000,303100,303100,303100,303100,1100,33340,2,1420794,43359816,2984
300365,20180105,1447,308000,303100,303200,303100,303200,1600,48506,5,1422394,43408322,2989
300365,20180105,1448,308000,303200,303200,303100,303100,1600,48497,3,1423994,43456819,2992
300365,20180105,1449,308000,303100,303200,303100,303200,1500,45475,7,1425494,43502294,2999
300365,20180105,1450,308000,303200,303400,303200,303400,2600,78856,3,1428094,43581150,3002
300365,20180105,1451,308000,303500,303500,303200,303200,6500,197146,7,1434594,43778296,3009
300365,20180105,1452,308000,303200,303300,303200,303300,800,24264,3,1435394,43802560,3012
300365,20180105,1453,308000,303300,303400,303300,303400,2900,87977,5,1438294,43890537,3017
300365,20180105,1454,308000,303400,303500,303400,303500,24600,746599,7,1462894,44637136,3024
300365,20180105,1455,308000,303500,303500,303400,303500,5000,151721,11,1467894,44788857,3035
300365,20180105,1456,308000,303500,303500,303500,303500,1119,33961,3,1469013,44822818,3038
300365,20180105,1457,308000,303500,303500,303500,303500,0,0,0,1469013,44822818,3038
300365,20180105,1458,308000,303500,303500,303500,303500,0,0,0,1469013,44822818,3038
300365,20180105,1459,308000,303500,303500,303500,303500,5481,166348,18,1474494,44989166,3056
