code,date,time,pre_close,open,high,low,close,volume,turover,dif_mi,accvolume,accturover,match_items
603900,20180105,930,301000,298100,299600,297800,299600,11000,327856,31,11000,327856,31
603900,20180105,931,301000,299600,299600,298300,298900,7100,211994,14,18100,539850,45
603900,20180105,932,301000,298900,298900,298500,298600,7100,212091,12,25200,751941,57
603900,20180105,933,301000,298500,298900,298500,298900,5300,158308,14,30500,910249,71
603900,20180105,934,301000,298900,299500,298900,298900,3400,101675,12,33900,1011924,83
603900,20180105,935,301000,298900,299800,298900,299500,15600,467343,23,49500,1479267,106
603900,20180105,936,301000,299500,300800,299500,300800,6840,204950,9,56340,1684217,115
603900,20180105,937,301000,300800,301400,300800,301100,11900,358186,20,68240,2042403,135
603900,20180105,938,301000,301500,302000,301500,302000,25160,759568,28,93400,2801971,163
603900,20180105,939,301000,302300,304200,302300,304200,20600,624360,26,114000,3426331,189
603900,20180105,940,301000,304200,304700,304200,304200,28300,861522,57,142300,4287853,246
603900,20180105,941,301000,304200,304700,304200,304500,33200,1010738,49,175500,5298591,295
603900,20180105,942,301000,304700,304700,304100,304100,19500,593750,31,195000,5892341,326
603900,20180105,943,301000,304000,304000,303500,303800,18100,550169,40,213100,6442510,366
603900,20180105,944,301000,303800,303800,303500,303600,19900,604302,19,233000,7046812,385
603900,20180105,945,301000,303500,303500,303100,303100,18000,546169,15,251000,7592981,400
603900,20180105,946,301000,303100,303200,303100,303200,4200,127315,11,255200,7720296,411
603900,20180105,947,301000,303200,303200,303000,303100,3160,95758,6,258360,7816054,417
603900,20180105,948,301000,303200,303200,303000,303200,5800,175772,16,264160,7991826,433
603900,20180105,949,301000,303200,303500,303200,303200,7200,218346,13,271360,8210172,446
603900,20180105,950,301000,303200,303200,303200,303200,1400,42448,7,272760,8252620,453
603900,20180105,951,301000,303400,303400,303200,303200,10000,303274,21,282760,8555894,474
603900,20180105,952,301000,303400,303400,303000,303000,6400,194090,14,289160,8749984,488
603900,20180105,953,301000,303000,303000,302500,302500,23840,721569,19,313000,9471553,507
603900,20180105,954,301000,302300,302500,302000,302000,12600,380865,20,325600,9852418,527
603900,20180105,955,301000,302000,302000,301100,301100,9400,283838,18,335000,10136256,545
603900,20180105,956,301000,301100,301100,300100,300100,7500,225218,15,342500,10361474,560
603900,20180105,957,301000,300200,300300,300200,300300,3340,100283,16,345840,10461757,576
603900,20180105,958,301000,300500,301500,300500,301500,4900,147563,14,350740,10609320,590
603900,20180105,959,301000,301500,301500,301000,301000,4100,123449,10,354840,10732769,600
603900,20180105,1000,301000,301000,301100,301000,301000,1800,54185,5,356640,10786954,605
603900,20180105,1001,301000,301000,301100,301000,301000,5700,171575,11,362340,10958529,616
603900,20180105,1002,301000,301000,301000,301000,301000,12000,361200,5,374340,11319729,621
603900,20180105,1003,301000,301100,301300,301100,301100,3600,108399,6,377940,11428128,627
603900,20180105,1004,301000,301100,301200,301000,301000,6200,186677,8,384140,11614805,635
603900,20180105,1005,301000,301000,301200,301000,301200,2500,75273,9,386640,11690078,644
603900,20180105,1006,301000,301200,301200,301100,301100,600,18071,4,387240,11708149,648
603900,20180105,1007,301000,301200,301300,301100,301300,4340,130723,12,391580,11838872,660
603900,20180105,1008,301000,301300,301400,301200,301400,7360,221750,14,398940,12060622,674
603900,20180105,1009,301000,301100,301200,301100,301200,11340,341482,15,410280,12402104,689
603900,20180105,1010,301000,301200,301300,301100,301100,4680,140951,14,414960,12543055,703
603900,20180105,1011,301000,301100,301200,301100,301100,5900,177659,11,420860,12720714,714
603900,20180105,1012,301000,301100,301200,301000,301000,23300,701577,23,444160,13422291,737
603900,20180105,1013,301000,301000,301000,300500,300500,6480,194849,15,450640,13617140,752
603900,20180105,1014,301000,300500,300500,300000,300000,8360,250876,23,459000,13868016,775
603900,20180105,1015,301000,299800,299900,299000,299100,7340,219776,19,466340,14087792,794
603900,20180105,1016,301000,299000,299800,299000,299100,4560,136384,17,470900,14224176,811
603900,20180105,1017,301000,299100,299100,299000,299100,1740,52036,9,472640,14276212,820
603900,20180105,1018,301000,299100,299700,299100,299700,4200,125857,13,476840,14402069,833
603900,20180105,1019,301000,299700,299700,299300,299600,6700,200749,14,483540,14602818,847
603900,20180105,1020,301000,299600,300200,299400,300200,10500,314635,15,494040,14917453,862
603900,20180105,1021,301000,300200,301000,300200,300200,2400,72092,9,496440,14989545,871
603900,20180105,1022,301000,300200,300300,300200,300200,600,18017,2,497040,15007562,873
603900,20180105,1023,301000,300300,301000,300300,301000,1500,45083,7,498540,15052645,880
603900,20180105,1024,301000,301000,301000,300800,300800,2700,81256,12,501240,15133901,892
603900,20180105,1025,301000,301000,301200,300800,301200,2220,66837,9,503460,15200738,901
603900,20180105,1026,301000,300800,301200,300600,300800,8200,246941,11,511660,15447679,912
603900,20180105,1027,301000,300800,301000,300800,300800,5500,165542,6,517160,15613221,918
603900,20180105,1028,301000,300800,301000,300800,301000,3696,111239,8,520856,15724460,926
603900,20180105,1029,301000,301000,301000,300800,300800,5904,177640,12,526760,15902100,938
603900,20180105,1030,301000,300800,300800,300600,300600,4100,123264,12,530860,16025364,950
603900,20180105,1031,301000,300600,300600,300300,300300,5200,156327,12,536060,16181691,962
603900,20180105,1032,301000,300300,300600,300300,300600,300,9016,3,536360,16190707,965
603900,20180105,1033,301000,300600,300800,300600,300600,1000,30062,3,537360,16220769,968
603900,20180105,1034,301000,300600,300600,300500,300500,5000,150295,8,542360,16371064,976
603900,20180105,1035,301000,300500,300500,300500,300500,1200,36060,3,543560,16407124,979
603900,20180105,1036,301000,300300,300600,300300,300300,900,27035,5,544460,16434159,984
603900,20180105,1037,301000,300300,300400,300300,300300,700,21022,3,545160,16455181,987
603900,20180105,1038,301000,300300,300300,299500,299500,1600,47967,8,546760,16503148,995
603900,20180105,1039,301000,299600,299600,299000,299000,10500,314296,29,557260,16817444,1024
603900,20180105,1040,301000,299000,299200,299000,299200,8040,240441,15,565300,17057885,1039
603900,20180105,1041,301000,299300,299400,299000,299100,7600,227306,18,572900,17285191,1057
603900,20180105,1042,301000,299100,299100,299000,299000,3000,89713,10,575900,17374904,1067
603900,20180105,1043,301000,299000,299100,299000,299100,4700,140557,9,580600,17515461,1076
603900,20180105,1044,301000,299100,299100,299100,299100,900,26919,4,581500,17542380,1080
603900,20180105,1045,301000,299100,299100,298900,298900,10520,314544,24,592020,17856924,1104
603900,20180105,1046,301000,298900,298900,298500,298500,5800,173211,11,597820,18030135,1115
603900,20180105,1047,301000,298500,298500,298500,298500,1100,32835,5,598920,18062970,1120
603900,20180105,1048,301000,298500,298500,298300,298400,6400,190933,16,605320,18253903,1136
603900,20180105,1049,301000,298300,298500,298100,298100,9500,283276,21,614820,18537179,1157
603900,20180105,1050,301000,298200,298200,298200,298200,4700,140154,10,619520,18677333,1167
603900,20180105,1051,301000,298200,298200,298200,298200,11300,336921,19,630820,19014254,1186
603900,20180105,1052,301000,298200,298500,298000,298500,4300,128202,11,635120,19142456,1197
603900,20180105,1053,301000,298500,298900,298200,298500,3220,96115,8,638340,19238571,1205
603900,20180105,1054,301000,298500,298500,298500,298500,300,8955,2,638640,19247526,1207
603900,20180105,1055,301000,298500,298500,298400,298400,1700,50729,7,640340,19298255,1214
603900,20180105,1056,301000,298400,298400,298100,298100,6080,181291,21,646420,19479546,1235
603900,20180105,1057,301000,298100,298100,298000,298100,4320,128754,8,650740,19608300,1243
603900,20180105,1058,301000,298100,298100,298100,298100,2000,59620,3,652740,19667920,1246
603900,20180105,1059,301000,298100,298100,298000,298000,9500,283116,23,662240,19951036,1269
603900,20180105,1100,301000,298000,298300,298000,298000,800,23848,5,663040,19974884,1274
603900,20180105,1101,301000,298200,298200,298000,298000,500,14908,2,663540,19989792,1276
603900,20180105,1102,301000,298000,298200,298000,298200,100,2982,1,663640,19992774,1277
603900,20180105,1103,301000,298000,298100,298000,298000,13980,416646,25,677620,20409420,1302
603900,20180105,1104,301000,298000,298200,298000,298200,1400,41736,5,679020,20451156,1307
603900,20180105,1105,301000,298200,298200,298100,298100,3500,104359,9,682520,20555515,1316
603900,20180105,1106,301000,298100,298300,298100,298300,2200,65606,5,684720,20621121,1321
603900,20180105,1107,301000,298300,298300,298200,298300,3700,110367,5,688420,20731488,1326
603900,20180105,1108,301000,298200,298200,298100,298100,5600,166987,5,694020,20898475,1331
603900,20180105,1109,301000,298100,298100,297900,297900,6000,178778,10,700020,21077253,1341
603900,20180105,1110,301000,297900,297900,297800,297800,5600,166816,12,705620,21244069,1353
603900,20180105,1111,301000,297800,297900,297800,297900,5400,160818,12,711020,21404887,1365
603900,20180105,1112,301000,297900,298000,297800,298000,4300,128075,11,715320,21532962,1376
603900,20180105,1113,301000,298000,298000,297800,297900,3000,89367,9,718320,21622329,1385
603900,20180105,1114,301000,297900,298000,297900,298000,3200,95355,4,721520,21717684,1389
603900,20180105,1115,301000,298000,300000,298000,300000,6900,206462,11,728420,21924146,1400
603900,20180105,1116,301000,300000,300000,299500,300000,4000,119958,3,732420,22044104,1403
603900,20180105,1117,301000,300000,300000,299600,299800,500,14988,2,732920,22059092,1405
603900,20180105,1118,301000,299800,300000,299800,299900,700,20999,4,733620,22080091,1409
603900,20180105,1119,301000,299900,300000,299800,300000,1600,47996,6,735220,22128087,1415
603900,20180105,1120,301000,300000,300000,300000,300000,100,3000,1,735320,22131087,1416
603900,20180105,1121,301000,300000,300000,299000,299000,3000,89838,6,738320,22220925,1422
603900,20180105,1122,301000,299000,299000,299000,299000,0,0,0,738320,22220925,1422
603900,20180105,1123,301000,299000,299000,298600,298600,100,2986,1,738420,22223911,1423
603900,20180105,1124,301000,298600,299000,298600,299000,400,11960,1,738820,22235871,1424
603900,20180105,1125,301000,299000,299000,299000,299000,700,20930,2,739520,22256801,1426
603900,20180105,1126,301000,299000,299000,299000,299000,0,0,0,739520,22256801,1426
603900,20180105,1127,301000,299000,299100,299000,299100,400,11964,2,739920,22268765,1428
603900,20180105,1128,301000,299100,299100,299100,299100,0,0,0,739920,22268765,1428
603900,20180105,1129,301000,299100,299100,299100,299100,0,0,0,739920,22268765,1428
603900,20180105,1300,301000,300000,300000,300000,300000,700,21000,3,740620,22289765,1431
603900,20180105,1301,301000,300000,300000,299900,299900,1700,50993,4,742320,22340758,1435
603900,20180105,1302,301000,299900,299900,299900,299900,0,0,0,742320,22340758,1435
603900,20180105,1303,301000,299900,299900,299900,299900,0,0,0,742320,22340758,1435
603900,20180105,1304,301000,300000,300000,299200,299200,4100,122857,10,746420,22463615,1445
603900,20180105,1305,301000,299200,300000,299200,300000,3300,98976,4,749720,22562591,1449
603900,20180105,1306,301000,300000,300000,299200,299200,400,11968,1,750120,22574559,1450
603900,20180105,1307,301000,299200,300000,299200,299200,4800,143772,8,754920,22718331,1458
603900,20180105,1308,301000,299200,299900,299200,299900,1600,47942,3,756520,22766273,1461
603900,20180105,1309,301000,299900,299900,299900,299900,1000,29990,1,757520,22796263,1462
603900,20180105,1310,301000,299900,299900,299900,299900,500,14994,2,758020,22811257,1464
603900,20180105,1311,301000,299800,299800,299800,299800,2000,59960,3,760020,22871217,1467
603900,20180105,1312,301000,299800,300000,299800,300000,2300,68991,6,762320,22940208,1473
603900,20180105,1313,301000,300000,300000,300000,300000,200,6000,2,762520,22946208,1475
603900,20180105,1314,301000,300000,300500,300000,300500,3400,102063,7,765920,23048271,1482
603900,20180105,1315,301000,300500,300600,300500,300500,2600,78149,9,768520,23126420,1491
603900,20180105,1316,301000,300500,300800,300500,300800,3300,99232,5,771820,23225652,1496
603900,20180105,1317,301000,300800,300800,300600,300600,100,3005,2,771920,23228657,1498
603900,20180105,1318,301000,300600,300600,300000,300000,600,18000,1,772520,23246657,1499
603900,20180105,1319,301000,300000,300000,300000,300000,3600,108000,6,776120,23354657,1505
603900,20180105,1320,301000,300000,300100,300000,300000,2500,75005,2,778620,23429662,1507
603900,20180105,1321,301000,300000,300000,300000,300000,200,6000,2,778820,23435662,1509
603900,20180105,1322,301000,300000,300000,300000,300000,0,0,0,778820,23435662,1509
603900,20180105,1323,301000,300000,300000,299800,299800,2000,59960,1,780820,23495622,1510
603900,20180105,1324,301000,299800,299800,299800,299800,0,0,0,780820,23495622,1510
603900,20180105,1325,301000,299800,300000,299800,300000,4920,147519,7,785740,23643141,1517
603900,20180105,1326,301000,300000,300000,299600,299600,180,5396,2,785920,23648537,1519
603900,20180105,1327,301000,299600,299600,299600,299600,2700,80892,8,788620,23729429,1527
603900,20180105,1328,301000,299900,300000,299900,300000,1500,44992,5,790120,23774421,1532
603900,20180105,1329,301000,300000,300100,300000,300100,3140,94225,3,793260,23868646,1535
603900,20180105,1330,301000,300100,300100,300100,300100,1900,57019,2,795160,23925665,1537
603900,20180105,1331,301000,300100,300100,300100,300100,480,14404,2,795640,23940069,1539
603900,20180105,1332,301000,300100,300100,300000,300000,7020,210641,10,802660,24150710,1549
603900,20180105,1333,301000,300000,300100,300000,300000,4540,136210,10,807200,24286920,1559
603900,20180105,1334,301000,300000,300000,300000,300000,5120,153600,3,812320,24440520,1562
603900,20180105,1335,301000,300000,300000,299600,300000,1380,41395,5,813700,24481915,1567
603900,20180105,1336,301000,300000,300200,300000,300000,2680,80402,5,816380,24562317,1572
603900,20180105,1337,301000,300000,300200,300000,300100,1000,30015,2,817380,24592332,1574
603900,20180105,1338,301000,300100,300100,300100,300100,1000,30010,3,818380,24622342,1577
603900,20180105,1339,301000,300100,300200,300100,300100,2600,78046,4,820980,24700388,1581
603900,20180105,1340,301000,300100,300500,300100,300500,5360,160919,11,826340,24861307,1592
603900,20180105,1341,301000,300600,300600,300600,300600,500,15029,4,826840,24876336,1596
603900,20180105,1342,301000,300200,300600,300200,300600,3080,92514,9,829920,24968850,1605
603900,20180105,1343,301000,300600,301000,300600,301000,2080,62561,9,832000,25031411,1614
603900,20180105,1344,301000,301000,301200,301000,301100,7300,219800,18,839300,25251211,1632
603900,20180105,1345,301000,301100,301500,301100,301400,15500,467179,16,854800,25718390,1648
603900,20180105,1346,301000,301500,302500,301500,302300,13826,417581,32,868626,26135971,1680
603900,20180105,1347,301000,302300,302600,302300,302500,9800,296461,23,878426,26432432,1703
603900,20180105,1348,301000,302500,302500,302000,302000,1400,42320,3,879826,26474752,1706
603900,20180105,1349,301000,302000,302000,301800,302000,9400,283749,10,889226,26758501,1716
603900,20180105,1350,301000,302000,302000,301500,301500,2614,78826,4,891840,26837327,1720
603900,20180105,1351,301000,301500,301500,301300,301300,8300,250204,11,900140,27087531,1731
603900,20180105,1352,301000,301300,301500,301300,301400,5800,174816,14,905940,27262347,1745
603900,20180105,1353,301000,301400,301400,301300,301400,8360,251908,13,914300,27514255,1758
603900,20180105,1354,301000,301300,301400,301300,301400,4560,137409,12,918860,27651664,1770
603900,20180105,1355,301000,301400,301500,301400,301500,5900,177859,8,924760,27829523,1778
603900,20180105,1356,301000,301500,301500,301500,301500,3000,90450,2,927760,27919973,1780
603900,20180105,1357,301000,301500,301500,301300,301400,1300,39181,4,929060,27959154,1784
603900,20180105,1358,301000,301400,301400,301200,301200,1200,36144,2,930260,27995298,1786
603900,20180105,1359,301000,301200,301200,301000,301000,3400,102368,8,933660,28097666,1794
603900,20180105,1400,301000,301000,301000,300900,300900,3300,99325,4,936960,28196991,1798
603900,20180105,1401,301000,300900,301000,300900,301000,60,1806,1,937020,28198797,1799
603900,20180105,1402,301000,301000,301000,301000,301000,0,0,0,937020,28198797,1799
603900,20180105,1403,301000,301000,301200,301000,301000,1800,54194,4,938820,28252991,1803
603900,20180105,1404,301000,301000,301200,301000,301200,4200,126504,2,943020,28379495,1805
603900,20180105,1405,301000,301200,301400,301200,301400,1200,36168,4,944220,28415663,1809
603900,20180105,1406,301000,301400,301500,301400,301500,1466,44199,3,945686,28459862,1812
603900,20180105,1407,301000,301500,302000,301500,302000,9000,271724,12,954686,28731586,1824
603900,20180105,1408,301000,302000,302000,302000,302000,2200,66440,8,956886,28798026,1832
603900,20180105,1409,301000,302000,302000,301500,301500,534,16100,3,957420,28814126,1835
603900,20180105,1410,301000,301500,301500,301300,301300,600,18080,2,958020,28832206,1837
603900,20180105,1411,301000,301200,301200,301200,301200,7500,225900,5,965520,29058106,1842
603900,20180105,1412,301000,301200,301200,301100,301200,800,24091,4,966320,29082197,1846
603900,20180105,1413,301000,301200,301200,301200,301200,1200,36141,6,967520,29118338,1852
603900,20180105,1414,301000,301200,301200,301100,301100,400,12044,1,967920,29130382,1853
603900,20180105,1415,301000,301000,301000,301000,301000,4820,145082,6,972740,29275464,1859
603900,20180105,1416,301000,301000,301000,301000,301000,2420,72842,5,975160,29348306,1864
603900,20180105,1417,301000,301000,301000,300900,301000,2380,71637,2,977540,29419943,1866
603900,20180105,1418,301000,301000,301300,300900,301100,6700,201706,7,984240,29621649,1873
603900,20180105,1419,301000,301100,301100,301100,301100,0,0,0,984240,29621649,1873
603900,20180105,1420,301000,301100,301100,301000,301000,2400,72240,3,986640,29693889,1876
603900,20180105,1421,301000,301000,301000,301000,301000,100,3010,1,986740,29696899,1877
603900,20180105,1422,301000,301000,301000,301000,301000,2100,63210,2,988840,29760109,1879
603900,20180105,1423,301000,301000,301100,301000,301100,200,6022,1,989040,29766131,1880
603900,20180105,1424,301000,301100,301100,301100,301100,500,15055,2,989540,29781186,1882
603900,20180105,1425,301000,301100,301100,301000,301000,1800,54180,3,991340,29835366,1885
603900,20180105,1426,301000,301000,301000,301000,301000,4300,129432,4,995640,29964798,1889
603900,20180105,1427,301000,301000,301000,301000,301000,5000,150500,9,1000640,30115298,1898
603900,20180105,1428,301000,301000,301600,301000,301600,22360,674103,15,1023000,30789401,1913
603900,20180105,1429,301000,301600,301900,301600,301900,8659,261323,19,1031659,31050724,1932
603900,20180105,1430,301000,301900,301900,301900,301900,2800,84532,8,1034459,31135256,1940
603900,20180105,1431,301000,301900,301900,301800,301800,1020,30789,5,1035479,31166045,1945
603900,20180105,1432,301000,301800,301900,301700,301900,6680,201597,15,1042159,31367642,1960
603900,20180105,1433,301000,301800,301900,301800,301900,800,24151,5,1042959,31391793,1965
603900,20180105,1434,301000,301900,301900,301800,301900,1200,36218,3,1044159,31428011,1968
603900,20180105,1435,301000,301800,301800,301600,301600,3841,115893,16,1048000,31543904,1984
603900,20180105,1436,301000,301700,301700,301600,301700,5286,159432,12,1053286,31703336,1996
603900,20180105,1437,301000,301800,301800,301700,301700,4700,141813,15,1057986,31845149,2011
603900,20180105,1438,301000,301700,302000,301700,302000,39979,1206822,39,1097965,33051971,2050
603900,20180105,1439,301000,302000,302500,302000,302500,18900,571464,33,1116865,33623435,2083
603900,20180105,1440,301000,302500,303000,302500,302800,27820,842273,48,1144685,34465708,2131
603900,20180105,1441,301000,303000,303100,302900,302900,7000,212083,19,1151685,34677791,2150
603900,20180105,1442,301000,303000,303000,302400,302500,10000,302841,26,1161685,34980632,2176
603900,20180105,1443,301000,302500,302800,302500,302600,3000,90777,12,1164685,35071409,2188
603900,20180105,1444,301000,302700,302800,302600,302700,6400,193711,19,1171085,35265120,2207
603900,20180105,1445,301000,302600,302700,302500,302500,13500,408349,29,1184585,35673469,2236
603900,20180105,1446,301000,302500,302500,302200,302200,3600,108891,12,1188185,35782360,2248
603900,20180105,1447,301000,302200,302200,302000,302100,10000,302049,18,1198185,36084409,2266
603900,20180105,1448,301000,302000,302500,302000,302400,18900,571013,29,1217085,36655422,2295
603900,20180105,1449,301000,302400,302400,302000,302200,10300,311154,14,1227385,36966576,2309
603900,20180105,1450,301000,302200,302300,302000,302100,3500,105776,14,1230885,37072352,2323
603900,20180105,1451,301000,302500,302700,302500,302700,37820,1144145,46,1268705,38216497,2369
603900,20180105,1452,301000,302700,303000,302700,303000,26800,811826,48,1295505,39028323,2417
603900,20180105,1453,301000,303000,303000,302600,302800,6620,200440,14,1302125,39228763,2431
603900,20180105,1454,301000,302800,303000,302700,302700,19900,602748,38,1322025,39831511,2469
603900,20180105,1455,301000,302800,302800,302200,302600,29720,899200,19,1351745,40730711,2488
603900,20180105,1456,301000,302600,302600,301700,301700,29100,879047,13,1380845,41609758,2501
603900,20180105,1457,301000,301700,302100,301000,301500,17400,524489,25,1398245,42134247,2526
603900,20180105,1458,301000,301500,301500,301100,301100,8100,244049,16,1406345,42378296,2542
603900,20180105,1459,301000,301100,301800,301000,301200,3000,90355,12,1409345,42468651,2554
